v 0.224211 -0.284304 -0.390784
v 0.224211 -0.284304 0.400000
v 0.224211 -0.284020 0.428143
v 0.224211 -0.273227 0.456544
v 0.224211 -0.259595 0.483809
v 0.224211 -0.244827 0.510221
v 0.224211 -0.227502 0.535214
v 0.224211 -0.206486 0.557083
v 0.224211 -0.182061 0.574691
v 0.224211 -0.153376 0.585483
v 0.224211 -0.122988 0.584063
v 0.224211 -0.097143 0.567591
v 0.224211 -0.079819 0.542598
v 0.224211 -0.077831 0.512493
v 0.224211 -0.083795 0.482673
v 0.224211 -0.086351 0.452852
v 0.224211 -0.088055 0.423031
v 0.224211 -0.088055 0.392927
v 0.224211 -0.085783 0.362538
v 0.224211 -0.083227 0.332433
v 0.224211 -0.079251 0.302044
v 0.224211 -0.073854 0.272792
v 0.224211 -0.080103 0.242687
v 0.224211 -0.086919 0.213434
v 0.224211 -0.090895 0.183329
v 0.224211 -0.092883 0.153225
v 0.224211 -0.093167 0.122836
v 0.224211 -0.092883 0.092447
v 0.224211 -0.090611 0.062058
v 0.224211 -0.087487 0.031954
v 0.224211 -0.083511 0.001849
v 0.224211 -0.078115 -0.027688
v 0.224211 -0.073286 -0.057225
v 0.224211 -0.079535 -0.087045
v 0.224211 -0.083511 -0.117150
v 0.224211 -0.086351 -0.146687
v 0.224211 -0.088339 -0.176792
v 0.224211 -0.089191 -0.207464
v 0.224211 -0.088623 -0.237285
v 0.224211 -0.086635 -0.267674
v 0.224211 -0.083227 -0.297779
v 0.224211 -0.078967 -0.328167
v 0.224211 -0.075842 -0.356000
v 0.224211 -0.082375 -0.382981
v 0.224211 -0.085215 -0.413085
v 0.224211 -0.085215 -0.443474
v 0.224211 -0.081807 -0.473011
v 0.224211 -0.078399 -0.503116
v 0.224211 -0.078967 -0.533504
v 0.224211 -0.090895 -0.561337
v 0.224211 -0.112479 -0.582638
v 0.224211 -0.140596 -0.594566
v 0.224211 -0.170985 -0.594282
v 0.224211 -0.199102 -0.583206
v 0.224211 -0.220970 -0.561621
v 0.224211 -0.233750 -0.533788
v 0.224211 -0.244827 -0.505672
v 0.224211 -0.255335 -0.477555
v 0.224211 -0.265559 -0.448870
v 0.224211 -0.275783 -0.420186
